0.9717806
0.9302886
0.9980301
0.95324886
0.23587784
0.98481655
0.06488013
0.5508051
0.9999863
0.6252217
0.08764309
0.8066225
0.009754658
0.8742908
9.692377e-05
0.9999994
0.06631586
0.97981846
0.12377268
0.020694643
0.1386061
0.015621424
0.9930982
0.52287155
0.9751439
0.00075003505
0.040162742
0.9999387
0.999981
0.049384475
0.07429156
0.07234207
0.8224295
0.60213244
0.000121769575
0.13507584
0.05772242
0.024783105
0.00024995208
0.00068596005
0.8189034
0.42988265
0.0007368624
0.7971486
0.62384033
1.559709e-05
0.9157642
0.0007997751
0.99260986
9.899706e-06
0.12218842
0.9131168
0.00016450882
0.052399874
0.96607447
0.99999756
0.99880517
0.9406853
0.0660595
0.5760567
0.9984307
0.1571312
0.9999949
0.8782554
0.99743265
0.78027797
0.97901833
8.614751e-09
0.9567994
0.9812407
0.9597833
0.63755774
0.9921185
0.8191073
1.0
0.5996393
0.7957312
0.22152954
1.757307e-06
0.9381578
0.99801743
0.102924705
0.08391777
0.9999986
0.99996257
0.9946359
0.7577503
0.040252537
0.9970808
0.26198804
0.9995445
0.999894
0.9992237
0.011444092
0.9999941
1.0
0.0037184358
0.9997157
0.95686316
0.89762527
0.020562977
0.09010628
0.99956435
0.9999975
0.99861693
0.31692618
0.008410513
1.1363445e-05
0.00022816658
0.25401175
0.9504659
0.00088843703
0.0019001663
0.86263853
0.99999535
0.25130028
0.35674804
0.79502904
0.008246899
9.0665135e-06
1.0
0.99856746
0.15995225
0.38516572
0.94617313
0.9999232
0.99972326
1.0
0.9999416
0.0022485554
0.19061935
0.9999263
1.0
0.84442997
0.99938965
0.26112187
0.5323777
0.4539151
0.9963909
0.99628305
0.6304553
0.019562334
0.9964013
0.9787605
0.999699
0.46730387
0.58629674
0.0039026141
0.0029982924
0.07605752
0.02289766
0.6137477
0.9985195
0.9999994
0.001496762
0.040622503
0.9986929
1.0
0.00010962047
0.990582
0.09916201
0.21159384
0.9999866
0.028098822
0.10420054
0.17781073
0.7545631
0.9741748
0.0055406988
0.00015419722
0.4879797
0.033064783
0.9979683
0.74712324
0.0033842325
0.9999529
0.007783264
0.029746622
0.9999857
0.99719477
0.95542634
0.14900354
0.9810271
0.04550615
0.85879123
0.022647798
0.9643832
0.021692008
0.9903889
0.9945661
0.063577354
0.99991083
0.94212
0.9906719
0.9996464
1.0
0.99999964
0.84050965
0.1740013
5.2316154e-06
0.84719396
0.27295208
0.89340305
0.013944149
0.014963001
0.0007211864
0.99985594
0.9749795
0.99754256
0.079031914
0.97936726
0.98912233
0.99645066
0.9919046
0.9830941
0.73102206
2.3830356e-05
0.020932347
0.056872368
0.009106636
0.0003092885
0.0039764047
0.885305
0.00013372302
0.5733934
0.9999996
0.99954176
0.99916494
0.96031904
0.1955126
0.006369531
0.06813577
0.66790354
0.14443868
0.07793814
0.9173302
1.0
0.9999974
0.5872769
0.84517395
0.97666967
0.98692226
0.999953
0.983426
0.84062326
0.9997579
0.074632585
0.005927056
0.9689785
0.022143453
0.9848217
0.95894253
0.9999676
1.0
0.42000473
0.35650414
0.009466499
0.9999163
0.9026025
0.99999726
0.58050805
0.99835026
0.06528792
0.109514534
0.4517485
0.9650935
1.0
0.43436542
7.1268946e-06
0.1796174
0.99965584
0.87259483
0.802017
0.21776572
0.9660608
0.98235667
6.041668e-06
0.073731154
0.92644984
0.7381692
0.990492
0.32456136
0.999672
0.8496895
0.0041827857
0.3972144
0.3614335
0.99797404
0.9724893
0.036189348
0.999999
0.5722737
0.99995244
1.0
0.9120264
0.9247452
1.1553741e-08
0.99860877
0.054717958
0.99975467
0.24825215
0.054462254
0.8276757
0.99348664
0.8637822
0.00021669269
0.99999976
3.7426253e-05
0.9201211
0.9193445
0.687636
1.0
0.3277973
0.99977094
0.0051011145
1.0
0.65933
0.9999995
0.00010226564
0.9999989
0.012334257
0.9857259
0.087676495
0.99402374
0.37116593
0.7331301
0.16207123
0.2756799
0.96638
0.739864
0.99391174
0.9904269
0.0046847165
0.99523276
0.99983287
0.9988623
0.07985607
0.959926
0.7602639
0.99995434
0.999828
1.0
0.035093248
0.98880637
0.9999966
0.99999917
0.9998752
0.24362755
5.8224992e-05
6.167357e-05
0.9893482
0.001580298
0.005024582
0.0842855
0.9997972
0.05933383
0.024631768
0.9852394
0.84772927
0.9944463
0.99975026
0.998937
0.99977684
0.13335595
0.9663093
0.79715145
0.99562395
0.9470817
0.3496979
0.000117254065
0.9998281
0.9999972
0.018801719
0.20637822
0.33626336
0.05102566
0.99992275
0.9999285
4.0844723e-05
0.98789334
0.10614464
0.073293656
0.008038402
0.7688926
0.03007117
1.0
0.004962027
0.57594156
0.0021898448
0.19735843
0.85374796
2.5649797e-06
0.9414292
0.9839793
0.9935862
0.9998072
0.99983853
4.2002208e-05
0.92151093
0.97961235
0.41135404
0.4647386
0.9891469
0.3171075
0.47140455
0.21662769
0.61188245
0.026100993
0.8967915
0.99990976
0.997628
0.81114054
0.2895109
0.99835
0.022782326
0.8326182
0.0071587265
0.99989927
0.8223152
0.9999989
0.00024446845
0.2519307
0.9890865
0.36019582
7.61397e-05
9.583204e-07
0.99995464
1.0
0.9995214
0.99784505
0.86565024
0.93958086
0.9999938
0.999895
0.9966476
0.9879081
0.99796855
0.026573569
0.020702988
0.01845041
0.00042173266
0.9999608
0.99988043
0.96050495
0.34538665
0.008629888
0.99999726
1.0
0.0058074594
0.99696374
0.99960715
0.950982
0.20970908
0.99115753
0.046405196
0.99071777
0.055239946
0.9195409
0.9996314
0.9042206
0.86541104
0.03469217
6.0420167e-05
0.8919822
0.86669326
0.99524057
1.0
5.4434524e-05
0.93535167
0.1084021
0.99932075
0.13213617
0.9995165
0.009236008
0.99999845
0.94038916
0.9570552
0.15626192
0.9999554
1.0
0.68830395
0.9913195
8.519374e-07
0.75214326
0.14080426
0.99993837
0.99990153
0.0676699
0.99973327
0.44256878
0.9999961
0.32854497
0.99887526
3.573887e-06
0.6387309
0.0016200244
0.8217367
0.999672
0.034932405
0.00035464764
0.99999774
0.22555047
0.9966883
0.7830069
0.9447445
0.9949279
6.165111e-05
0.3064406
0.95255387
0.99991095
0.9864838
0.26387602
0.04186502
0.61757576
0.24546063
0.8801969
0.888783
0.999812
0.9999954
0.99177915
0.29631877
0.98090816
0.9214966
0.06579152
0.99961936
0.0003130138
0.0003183782
0.99866223
0.7274642
0.9998337
0.9997333
0.99551487
0.6696161
0.71135426
0.9990145
0.18371126
0.99682796
0.10391623
0.21741498
0.9998851
0.99990135
0.9998861
0.99999934
0.00016996264
0.02813539
0.9284793
0.10780543
0.9754516
0.00091928244
0.98625964
0.9999264
0.6548617
0.8321912
0.025825202
0.004017651
0.9911789
0.9946195
0.95917296
0.99978733
0.90158015
0.1841743
0.38482764
0.998443
0.0006456077
0.5643587
0.9999957
0.29579335
0.52477914
0.14677638
1.0
0.99999446
0.7174864
0.9993079
0.19006366
0.98924285
0.025233418
0.04347366
0.79425055
0.992298
0.046575785
0.9448707
0.9494362
0.11971319
1.0
0.99971944
0.5439399
0.9988748
0.011322409
0.89887613
0.053554058
0.9909154
0.0034648776
0.002026379
0.14175984
1.0
0.42504537
0.9990753
0.0016839802
0.74548733
0.9999993
0.99976325
0.99953234
0.018044889
0.9811703
0.00084140897
0.9998123
0.07620463
0.95655024
0.9999995
0.9995072
0.8237075
1.0
0.9970876
0.7950027
0.9961306
0.00759539
0.05219409
0.60914075
0.9995562
0.54686934
0.052600265
0.97481287
0.678336
0.99998724
1.0
0.042535752
0.9934512
0.9213684
0.99042726
0.99962676
0.9997246
0.9961637
0.021716982
0.9999985
0.9956672
0.99978536
9.790662e-06
0.008513957
0.038380116
0.99995303
0.5856274
0.054638654
0.05592087
0.70134884
0.99738896
0.999992
0.99983424
0.99828887
0.0061974525
0.70499337
0.9922632
0.99818385
0.9994152
0.9913393
1.2500653e-06
0.0017534792
1.0
0.9992871
0.99897975
0.99988735
0.07020542
0.98333764
0.9922613
0.120361835
0.056565404
0.9982237
0.5244035
1.0
0.44446316
0.0012245178
0.98646927
0.9949588
1.0
0.024061829
0.9998795
0.093465865
0.3902642
0.994087
0.3168519
0.0048885047
0.0037649572
0.0011548102
0.9973047
0.3761959
0.006023079
0.0042624176
0.79253846
0.9886251
1.0
0.01017797
0.99812675
0.43855783
0.065651566
0.1632235
0.95408094
0.99990976
0.99999964
0.87386197
0.9444748
0.9984081
0.009099364
0.076143295
0.021055669
0.9994824
0.96847975
0.017020166
0.91178536
0.01758197
0.97863287
0.057314664
0.12545297
0.99998116
0.9888766
0.9880262
0.9997822
0.98571265
0.08577904
0.9898638
0.99138725
3.2889747e-07
0.9494096
0.99981296
8.4482315e-07
0.22627652
0.21583137
0.00052422285
0.001056999
0.8904064
0.8767618
0.9999834
0.04309398
0.45820606
0.9892231
0.88283634
0.4835961
0.0131575465
0.9999678
0.9998607
0.9996315
0.16262642
0.039117873
0.9830457
0.99926007
0.9999998
0.9912692
0.9984871
0.039498538
0.6366545
0.998354
0.9999886
0.57831156
0.9059605
0.9734112
0.99806917
0.99625105
0.96467483
0.008079201
1.0
0.024736345
0.9999982
0.6914909
0.12384331
0.875491
0.99926245
0.6793802
6.0869777e-05
0.99983424
0.99897724
0.7164514
0.99929756
0.9989077
0.9624174
0.9762927
0.60901743
0.99973357
0.9998012
0.035564482
0.765151
0.012837261
0.9996835
0.00051000714
0.9989549
0.030915469
0.99999875
0.9829222
0.9947078
5.7036527e-06
0.862658
0.0692811
0.99943376
0.020977318
0.064373195
0.9998511
0.0009826422
0.6874646
0.013702154
0.7731812
0.0034902394
0.61438304
0.00025430322
0.99994266
0.015786707
0.9347551
1.0
0.00071275234
0.9998205
0.9937659
0.011971414
0.9998485
0.114007175
0.99997914
0.0027060509
0.000919044
8.347333e-12
0.9909769
0.5201096
0.9999176
1.0
0.11170384
0.08719304
0.15457347
0.9972789
1.0
0.9899093
0.36081415
0.9999789
0.13971186
1.0
0.97658575
0.70650655
0.8699993
0.035820693
0.99998665
0.95458233
0.9998164
0.054253966
0.9166821
0.816692
0.051906288
9.05275e-06
0.0123767555
0.0005083382
0.49740827
0.13468328
0.9994769
0.12780666
0.003905654
0.96624124
0.06781483
0.6786004
0.20024133
7.710513e-05
1.0
0.5588138
0.0015096962
0.9999081
0.99935305
0.1203036
0.9980543
0.33869195
0.1849874
0.7392598
0.9235445
0.12678558
0.99990165
0.0021046698
0.9644766
0.99991876
0.9912423
0.025203615
0.059420556
0.00017169118
0.99529123
0.04378441
0.00025945902
0.995069
0.01252684
0.017903626
0.0034990907
0.063643605
0.98910195
0.96772075
0.91816604
0.7436834
0.9999776
0.006520331
4.3415955e-09
0.2295424
0.9997208
0.99966455
0.9999084
0.99831563
0.9999956
0.81567526
1.0
0.0793829
0.99530196
0.24069396
0.016187489
0.9732065
0.22983947
0.26394743
0.9989446
0.011589736
0.80391455
0.79711
0.9999752
0.99738073
0.018954426
0.9887967
0.99999094
0.99999976
0.99992424
0.38473147
0.45372233
0.17592236
0.08602986
1.0
0.0004579723
0.9999994
0.99841154
0.0017326474
0.9534179
0.9999517
0.38284898
0.9493959
0.9995087
0.012383312
0.76068866
0.9999181
0.25343913
0.9982929
1.0
0.9999987
0.9854697
0.99999326
0.99843496
2.4213688e-05
0.86710215
0.0007480681
0.9241682
5.3322787e-11
0.3200658
0.043509334
0.93397033
0.20402601
3.7610037e-06
0.99659705
0.8962182
0.010887027
0.93135333
0.0035648346
0.0028547347
1.0
0.0029050112
0.23830098
0.0011821389
0.91501
0.015207946
0.005373895
0.66797054
0.99434716
7.897534e-05
0.83436847
0.97715116
0.863503
0.9065536
0.7315072
0.9999986
0.08150223
1.5066132e-06
8.0219515e-06
0.9999367
0.9661289
2.5036609e-06
0.94945514
0.9999894
0.00453946
0.060402572
0.9568212
0.0047735274
0.9669801
0.99975765
0.01967448
1.8824442e-06
3.3829994e-05
0.60247165
0.9796126
0.931319
0.99999845
0.021907687
1.0
0.13694072
3.5207597e-07
0.99604285
0.9854181
0.8753677
0.63737375
0.98950565
0.9840977